%YAML:1.0
---
image_width: 640
image_height: 480
board_width: 7
board_height: 5
square_size: 0.029999999999999999
camera_matrix: !!opencv-matrix
   rows: 3
   cols: 3
   dt: d
   data: [ 530.95314015240058, 0., 328.90834025460987, 0.,
       533.44309071190003, 226.79576499177756, 0., 0., 1. ]
distortion_coefficients: !!opencv-matrix
   rows: 1
   cols: 14
   dt: d
   data: [ 29.981256460812833, 105.87679578467561, -0.006759344115581766,
       0.01055335241127177, 0., 30.202885820616562, 104.03380376341741,
       2.5356336200616911, 0., 0., 0., 0., 0., 0. ]
