%YAML:1.0
---
image_width: 640
image_height: 480
board_width: 7
board_height: 5
square_size: 0.029999999999999999
camera_matrix: !!opencv-matrix
   rows: 3
   cols: 3
   dt: d
   data: [ 641.54512410973439, 0., 312.52833006935776, 0.,
       644.05681165986039, 265.65260734749688, 0., 0., 1. ]
distortion_coefficients: !!opencv-matrix
   rows: 1
   cols: 14
   dt: d
   data: [ 96.525654002644544, 78.057652138611104,
       -0.00096582106414389761, 1.1501332122977356e-05, 0.,
       97.181987501286102, 111.94196586814542, 31.491176734240447, 0.,
       0., 0., 0., 0., 0. ]
